220	781	483	559
208	336	113	501
488	971	606	710
258	491	544	797
90	116	364	885
498	541	671	975
451	502	435	894
165	256	159	171
307	311	246	653
32	466	560	926
701	875	55	971
107	805	37	930
615	620	260
424	649	505	536	870
128	776	120	569
313	319	100	372
201	234	80	396
212	917	270	401
444	692	500	755
282	824	651	751
351	460	474	999
293	553	449	677
387	498	115	418
30	486	311	624
129	564	485	609
157	347	719	861
432	819	217	638
129	677	46	545
753	963	88	371
24	147	668	131
381	800	194	363	833
10	384	404	326
384	546	524	853	1000
382	755	419	938
306	473	355	881
84	552	273	408
12	433	369	756
352	963	148	744
135	287	71	729
63	188	110	519	840
612	752	169	495
352	496	147	394
481	952	393	550
379	780	177	979
163	222	793	839
28	141	104	887
97	684	653	903
258	949	618	896
218	501	251	318	761
283	730	695	953
569	912	472	727
820	922	227	556
136	987	332	902
99	762	276	791
11	132	201	522
358	827	842	850
96	665	62	106
861	934	528	669
734	761	136	489
424	966	146	655
94	679	421	440
57	194	242	521
40	118	358	786
125	313	186	941
542	947	418	541
572	670	791	801
213	471	492	966
755	802	580	800
401	815	264	456
516	579	189	597
39	770	286	387
192	661	144	578
439	961	197	301
378	517	680	829
756	981	102	611
269	714	373	596
725	858	785	896
644	919	295	575
461	767	758	955
17	445	284	610
325	347	360	696
178	228	233	560
499	519	440	827
36	536	694	180
247	770	583
155	724	162	325
825	984	138	980
29	868	445	555
488	558	361	809
5	490	764	459
124	710	132	234
355	970	263	589
848	998	215	605
61	254	810	973
435	901	676	833
57	230	554	783
47	246	832	722
461	944	125	244
54	415	689	196	884
16	942	268	654
224	335	529	679
75	559	165	633
549	744	776	844	905
46	298	293	638
673	876	319	548
57	565	733	988
12	336	621	600	852
262	514	730	995
121	615	353	961
40	920	329	425
359	926	705	978
376	598	726	974
2	484	116	156
330	888	357	395
23	389	770	905
5	113	510	219
299	769	327	858
63	210	867	460
315	646	132	826
15	778	328	697
109	397	474	753
480	518	134	247
841	843	548	946
91	271	495	278
64	98	763	170
350	427	181	213
244	343	239	847
15	702	727	697
25	28	889	923
573	736	232	280
30	880	224	238
55	91	119	659
137	465	689	762
122	936	176
39	310	911	225
53	59	777	357
133	368	739	402
87	301	167	583
162	360	254	874	886
542	671	292	464
46	509	738	252
733	850	155	736
608	997	183	792
72	372	551	658
255	451	453	962
60	994	661	851
30	42	757	624
38	916	371	910
202	505	355	537
487	997	663	906
254	979	162	237
571	833	969
225	318	208	765
206	430	211	299
86	142	312	443
113	869	209	423
26	205	661
283	772	527	623
8	964	900	948
379	842	339	733
516	867	294	690
139	86	151	441
45	245	964	611
540	798	200	282
8	102	245	899
573	643	644	768
138	586	627	770
234	278	468	721
41	862	369	692
125	955	597	976
8	683	503	533
327	968	298	537
211	691	768	815
492	605	451	552
879	933	914
134	632	286	389	891
44	750	467	893
82	722	956	678
276	453	407	552
84	492	591	666
126	761	341	479
555	622	826	889
143	991	378	957
272	719	917	921
525	610	245	717
64	544	493	593
196	270	446	913
40	440	850	347
70	375	465	942
374	785	898	999
390	720	798	919
72	493	845	917
531	793	419	520
62	31	370	215
670	883	453	954
187	99	537	212	266
73	905	834	963
500	999	615	985
467	792	235	310
164	718	293	838
17	55	508	598
149	282	968	838
463	986	590	926
419	816	267	539
157	357	388	324
154	830	952	556
788	899	707	856
2	153	431	951
156	740	509	542
118	303	351	241
173	154	397	398
18	196	593
67	126	489	506
722	737	703	897
93	194	435	455
275	644	356
27	913	298	405
49	765	972	911
116	930	600	645
1	423	743	501
394	549	607	757
45	487	908	717
635	728	986
101	131	482	650
153	135	541	249
407	591	297	616
52	532	919	968
82	703	804	628
420	801	348	358
96	574	954	428
508	577	283	751
130	323	348	460
82	480	269	732
17	168	91	261
199	639	731	848
389	567	702	776
151	503	812	899
131	529	391	864
127	471	341	758
571	727	450	461
210	267	660	821
62	596	447	796
821	940	406	631
127	98	450	715
163	165	185	908
97	9	650	581
85	122	285	855
252	669	553	777
225	334	698	782
835	962	296	513
49	559	434	987
248	141	442	837
367	772	282	684
94	151	139	978
145	339	700	665
8	284	1000	525
362	627	340	963
4	48	664	862
432	588	266	970
13	910	778	959
234	271	413	598
108	422	651
92	306	570	784
69	430	640	647
529	840	595	821
196	259	472	558
241	204	920	519
100	469	535	673
76	233	928	538
187	18	682	281
124	261	726	992
184	401	515	661
36	535	670
626	759	799	922
216	295	859	584	602
179	54	883	694
731	989	408	741
168	124	725	289
592	903	307	841
130	733	358	700
270	815	532	785
20	202	164	253
50	158	231	651
256	80	349	413
247	286	729	746
285	71	176	623
39	782	957	792
757	819	570	857
278	446	405	488
675	864	748	849
391	595	354	499
140	438	704	869
22	104	200	738
161	801	351	620
275	78	918	390
250	648	616	894
226	881	367	651	823
104	172	217	769
117	154	922	331
523	784	574	883
138	73	617	713
645	996	490	816
210	599	803	920
365	400	308	443
380	702	571	648
35	263	718	838
9	279	893	686
304	988	521	667
393	753	331	626
135	199	530	566
9	24	548	880
155	568	939	629
16	64	375	477
318	341	343	431
119	740	932	887
422	584	376	865
419	940	656	892
153	314	49	530
16	105	442	429
526	658	534	946
794	886	601	613
960	981	531	908
232	428	768	807
205	489	876	994
81	86	874	851
32	356	390	635
172	117	913	475
120	937	588	735
110	719	490	582
114	503	902	613
299	309	397	468
53	483	337	761
624	650	576	929
249	675	975	976
101	342	499	967
2	107	343	642
332	436	562	734	841
789	890	871	981
255	160	672	998
257	342	352
314	181	239	639
335	340	550	916
127	336	314	350
808	903	562	772
412	715	433	763
639	758	563	605
26	81	188	921
229	232	572	954
284	598	900	853
126	343	434	712
21	210	294	615
38	42	340	844	576
109	985	444	478	854
291	476	414	747
92	35	149	407
326	216	504	524	714
205	114	136	874
56	63	229	280
111	934	973
139	81	386	421
89	982	380	569
257	717	834	868
31	385	417	950
5	448	442	528
304	640	988	859
450	630	547	606
253	297	527	473
137	620	791
37	169	879	907
194	403	938	802
29	148	414	811
144	16	885	493
76	641	796	825
190	599	603	985
189	313	411	976
112	316	824	695
749	811	754	759
74	183	895	707
44	160	935	983
305	361	606	809
31	688	950	676
34	531	774	871
560	754	705	990
32	33	466	504
363	742	796	835
360	425	861	708
23	71	745	947
205	551	669	448
115	236	176	745
191	295	326	824
291	238	576	625
410	723	782	997
309	43	398	910
221	42	735	744
114	851	427	489
17	826	522	743
121	211	331	985
393	211	768	474
582	818	764	797
304	655	851	515
69	272	18	575
137	711	516	801
370	680	965	890
32	463	683	561
217	289	558	659
243	409	675	892
226	179	355	870
36	277	492	526
406	585	698	685
392	625	864	975
375	429	704	748
345	544	941	818
261	284	681	617
354	371	564	749
99	817	845	636
654	658	534	636
363	713	437	863
23	65	549	909
204	317	34	193
229	535	699	842
61	360	850	939
262	316	547	974	933
220	156	822	765
14	60	647	918
386	110	459	996
842	935	872	989
126	395	987	497
323	230	538	628
411	319	668	880
154	264	532	556
208	314	955	763
27	259	569	735
37	345	712	862
350	251	497	642
95	7	215	767
337	592	911	530
417	507	444	800
292	477	509	668
73	778	910
188	61	83	708
162	790	633	888
252	319	364	551	885
155	304	565	789
19	353	437	580
80	88	980	721
289	187	896	491
242	507	863	915
364	388	578	459
22	545	590	968
244	366	240	587
7	145	174	591
457	497	506	904
179	145	195	771
779	856	480	678
215	685	585
69	696	640
452	706	914	789
628	804	481	990
425	90	448	813
21	118	232	691
79	98	240	557
652	697	543	688
203	404	470	601
140	638	738	757
133	189	760	817
10	384	561	678
199	177	895	592
168	331	555	646
268	748	880	482
463	728	902	795
67	239	637	958
51	266	491	878
35	367	771	737
121	21	398	716
327	505	649
354	485	816	787
313	438	484	885
353	721	725	753
181	734	526	619
122	233	454	722
43	458	959	716
224	469	872	662
332	1	948	806
113	477	852	951
476	25	645	839
24	653	837	857
150	222	539	747
3	89	289	949
213	324	59	395
90	302	329	773
4	446	472	630
174	180	67	408	563
192	186	372	817
501	642	559	621
124	41	974	949
42	828	959	916
434	452	427	888
6	23	723	782
83	335	291	787
198	19	580	660
49	494	2	220
7	833	962	665
237	330	171	601
356	384	538	604
149	475	14	720	575
213	452	637	655
437	447	907	992
201	231	693	695
141	438	209	510
116	509	634	923
678	705	810	812
679	810	650	860
250	928	771	936
108	616	632
272	400	647	696
70	161	402	849
74	893	998
122	641	732	928
83	40	267	996
193	805	920	931
62	308	565	873
55	396	781	822
300	807	877	572
33	356	681
185	256	980	943
320	408	479	994
367	158	632	897
58	364	677	923
238	265	101	836
310	318	436	619
193	382	322	611
227	430	281	575
171	899	561	1000
320	416	673	989
420	268	273	711
84	14	966	866
196	149	172	970
428	504	269	783
487	204	892	595
164	687	751	772
6	225	65	869
65	140	209	932
462	778	961	993
186	412	4	944
449	28	769	820
33	714	825	732
422	366	958	847
311	105	123	837
103	221	418	671
342	43	846	811
388	442	144	876
36	174	179	672
22	248	795	925
96	796	928	962
182	88	468	626
430	52	206	604
461	597	631	685
89	266	405	607
102	251	1	494
383	10	82	643
466	404	533	978
337	344	577	882
346	492	619
25	414	626	868
106	443	521	890	965
310	698	639	955
236	730	971	953
312	829	965	998
51	432	15	361
263	288	735	828
152	240	305	894	901
66	348	523	977
130	166	640	783
230	300	771	703
401	532	78	505
391	333	352	775
231	562	806	972
448	72	764	719
70	766	912	760
500	68	444	652
246	956	945
399	329	898	773
85	138	641	709
316	275	612	814
409	455	680	656
167	906	943	834
450	758	894	958
259	328	689	912
92	791	883	937
203	449	794	798
226	451	180	995
279	436	467	674
212	186	797	878
634	839	621	743
291	265	539	864
242	76	667
557	70	170	675
112	349	201	261
303	374	773	931
107	219	818
463	503	321	978
275	726	667
374	682	896	664
504	556	986	644
174	93	346	731
380	3	366	730
221	558	932	982
143	829	960	924
25	708	813	934
185	80	622	964
531	75	163	642
41	584	726	915
321	330	669	795
806	900	683	693
13	109	351	198	652
514	226	296	936
301	413	854	825
48	692	725	992
530	479	563	674
13	368	294	977
107	494	594	930
182	610	839	868
158	286	875	882
333	24	147	832
410	391	927	747
274	564	309	555
257	167	723	844
458	228	428	643
312	890	724	790
366	491	715	949
557	243	676	690
176	514	527	648	953
102	441	948	987
510	594	740	889
223	326	853	693
415	416	694
471	506	933	712
464	27	104	932
235	346	341	566
365	573	264	456
373	518	583	835
336	494	434	611
166	560	628	952
78	216	166	604
302	485	219	813
119	468	799	858
424	515	264	859
296	632	305	891
14	475	884	845
246	333	224	512
262	283	20	297
462	615	580	690
486	9	47	808
416	100	817	762
400	60	506	814
317	585	663	960
711	849	836	867
320	416	144	866
132	405	701	971
241	500	931	940
72	157	146	272	866
482	983	679	836
150	656	908	991
258	603	773	692
57	255	502	965
180	870	823	966
596	308	602	783
30	429	438	738
248	388	58	613
66	195	273	699
140	549	6	775
339	552	989	699
105	268	534	843
592	619	741	893
290	334	406	597
631	95	381	802
28	22	528	794
466	511	178	454
61	512	101	662
403	585	74	848
413	524	863	726
270	603	797	917
171	404	614	853
47	253	897	737
455	409	557	767
307	945	750	779
540	795	831	806
381	462	969	901
99	588	133	878
652	161	631	739
173	460	786	803
19	618	169	664	774
508	614	635	824
84	276	636	884
508	50	376	710
456	81	515	736
462	120	128	739	912
409	566	249	792
420	670	672	700
255	699	280	954
11	659	909	822
128	305	236	969
228	214	574	928
411	292	975	775
511	111	383	846
457	871	879	915
207	378	924	979
609	386	440	973
583	993	891
91	3	695	974
402	657	535	942
350	433	637	904
417	301	961	742
76	546	356	863
345	630	244	847
474	481	807	977
362	185	222
200	306	808	857
184	329	26	578
191	505	865	881
478	168	445	854
178	214	480	97	779
392	498	627	906	957
86	629	789	888
77	278	478	618
271	602	612	112	681
128	240	51	766
223	470	751	798
285	39	882
50	567	108	606
277	235	605	935
518	233	546	984
142	280	106	160
59	479	337	946
394	432	328	570
130	142	696	786
214	473	684	784
141	668	293	464
137	690	697	766
209	315	634	822	826
674	277	946	843
385	713	993	969
220	396	594	964
103	38	394	778
387	389	909	953
285	897	779	903
487	354	625	906
469	290	411	942
377	414	787	846
177	686	856	895
540	728	20	231
41	847	879	862
29	309	121	478
383	377	926	830
34	68	19	907
75	37	871	904
147	288	221	464
346	587	79	239
274	377	820	934
465	579	878	944
59	181	49	332
54	133	654
125	345	431	852
90	578	399	941
218	153	423	947
579	727	739	901
79	435	685	848
323	398	166	173
117	545	298	799
71	85	115	167
473	574	453	513
158	253	344	540
599	664	490	582
382	692	931	805
671	576	704	927
15	103	236	982
136	248	831	876
120	439	543	260	744
454	722	686	746
44	812	945	939
1	522	972	900
287	498	249	392
538	573	96	667	988
300	263	737	804
190	77	281
691	63	736	921
499	749	476	996
207	943	984	855
338	724	443	457
441	629	924	981
368	589	54	66
199	698	143	287
193	45	930	816
321	590	677	820
553	687	470	613
385	554	242	373
593	682	4	399
164	728	191	590
646	769	274	887
31	68	437	873
229	294	66	402
68	370	676	940
303	691	921	898
228	458	784	929
12	520	774	818
577	614	483	687
523	323	716	952
344	718	653	925
89	380	944
94	512	511	967
377	371	550	830
780	237	511	856
645	459	609	923
584	655	918	933
69	281	173	898
204	476	302	793
415	654	465	493
399	805	412	600
27	288	838	970
52	759	545	794
243	241	265	849
423	740	522	701
297	666	865	995
20	376	390	693
87	546	373	617
396	740	119	182
56	83	836	840
496	570	832	877
568	608	74	979
206	754	811	922
687	777	841	925
97	828	624	857
152	502	31	95
362	197	586	980
250	641	385	891
529	827	657	662
486	252	548	925
306	819	200	202
594	622	45	485
265	40	827	867
123	831	279	337
160	426	56	420
123	673	741	872
352	103	627	927
192	415	649	866
550	705	749	967
715	752	127	547
93	680	235	767
516	657	290	821
142	188	56	421
395	400	146	325
484	107	763	941
635	683	33	349
617	353	721	992
247	788	895	957
454	750	207	812
718	832	288	486
77	117	646	913
275	647	365	914
512	872	945	983
58	386	26	874
169	258	433	752
681	714	417	447
290	410	238	595
720	316	823	918
658	845	536	661
118	161	657	840
88	622	362	564
156	541	292	951
666	14	407	881
706	756	338	382
482	860	426	843
521	800	907	938
325	861	139	357
11	623	947	972
105	551	324	777
523	828	937
689	760	472	593
175	706	752	369	904
131	469	311	429
297	720	35	870
729	562	623	911
195	276	300	589
649	99	694
372	477	5	442
321	139	973
799	46	315	889
114	497	441	724
129	634	182	887
338	629	403	565
648	835	176	709
539	317	406	997
307	517	177	674	935
571	587	7	296
378	467	750	855
446	603	48	77
684	746	214	527
582	815	190	803
207	533	165	237
349	614	159	781
95	766	571	688
330	470	53	948
279	344	47	746
712	879	452	756
197	103	115	993
586	723	150	747
507	755	369	873
222	245	322	663
701	745	418	982
260	439	148	393
135	436	218	882
51	579	588	697
217	327	187	858
457	859	175	915
612	914	447	706
148	342	496	990
18	682	184	192
295	424	814	865
78	191	227	986
110	267	303	520
347	803	184	786
52	299	274	830
129	510	528	813
790	608	707	991
808	831	553	837
111	754	10	203
625	775	844
269	513	554	518	703
804	333	990	956
219	793	12	621
599	774	520	660
315	542	607	638
175	637	422	814
58	359	609	759
379	426	731	893
134	513	616
328	877	589	977	959
370	34	873	960
312	421	780	983
243	317	660	802
412	764	64	852
100	711	189	748
586	788	525	991
98	544	760	809
686	780	581	860
734	741	123	320
65	875	387	765
483	902	159	633
48	488	495	630
381	363	961
484	869	208	976
43	206	643	807
632	745	50	567
230	700	195	348
170	431	79	566
178	581	929	967
287	723	183	855
471	547	587	995
481	496	260	937
322	608	656	938
73	713	950	109	543
250	502	145	554
29	38	197	257
159	163	610	743
403	568	565	665
60	536	67	666
810	956	335	846
172	202	227	449
688	702	152	742
92	819	259	537
3	567	11	659
218	781	577	875
359	886	94	708
422	495	112	710
334	704	6	410
375	951	170	334
620	937	572	716
254	601	111	561
151	829	44	707
445	525	87	834
75	322	338	790
361	909	607	776
379	662	860	939
87	788	732	1000
353	397	198	374
203	604	223	919
53	427	251	633
308	365	106	783
277	672	426	534
916	929	383	458
183	943	663	924
271	507	618	854
709	742	543	905
146	324	526
591	958	108	823
302	787	425	519
143	150	392	892
93	517	339	568
198	21	190
256	984	33	533
