0.5995848563798123
0.5530027124707437
0.5202316791584304
0.5869352604844934
0.5007923721463816
0.4961461478234011
0.41870753516028353
0.6162645535806842
0.3616697388502388
0.6693900208398688
0.6322831644129076
0.34906876113453633
0.34863161072972154
0.5292239601529773
0.5530831763848906
0.49320279804559125
0.4269297366077936
0.32293188136199885
0.6277372061619414
0.6092823647538141
0.5836231660926424
0.6216735477724622
0.4630701890642497
0.550792156806903
0.6536084454778718
0.35615446087336866
0.4326164583092049
0.35233648689853286
0.5209241787438937
0.3446476461547357
0.5930143337222128
0.31674279786602877
0.6933000793307325
0.3994859196517445
0.5609447388112309
0.32617479976233604
0.36320792942886043
0.6150430879214884
0.36646555090485655
0.441907230083419
0.4096205561248117
0.4775814066732498
0.37433808248694134
0.45559741000141807
0.585523697214724
0.6040281450396165
0.5224614818338288
0.5635042147136077
0.7277231616487138
0.5953578755672926
0.3312234895051979
0.3283443314570849
0.3467866779448137
0.40996219337885287
0.603227983435782
0.37260166397910777
0.5916536148795172
0.357487062702974
0.5760815914434344
0.5154687187405267
0.628102698609073
0.5696700799585668
0.624338049457183
0.38019731719200767
0.41843876493460774
0.5600830295590111
0.43737855457258096
0.4210047505670215
0.49483027393238577
0.5280132574093191
0.437907524484337
0.5458543761847111
0.4175679585408822
0.36936296511697
0.5980016722384646
0.4329665114070603
0.3792123415713155
0.3103884662805624
0.5648663558754404
0.6537866624519041
0.545278827756956
0.4601184630070828
0.5960620773040342
0.3849740250977979
0.33991322422053555
0.5948495608134883
0.6519470837422314
0.6160892792444939
0.3371661311579205
0.32742632759141393
0.5635042147136077
0.46718732859528644
0.3717606757041417
0.4341578054118113
0.4918953140659099
0.4329665114070603
0.36540799115509226
0.500732463497225
0.46718732859528644
0.6313929046164518
0.5012444513408603
0.4214712327075242
0.5685279236765771
0.5188333065638713
0.45484282999735204
0.5271337591162225
0.5726552191327692
0.4844522680306079
0.5056283219915595
0.5877533496289068
0.6403545892706632
0.6797955575024008
0.3553519382246281
0.6539801220220687
0.5857038500812506
0.5290264643663869
0.3311887679254839
0.41442128323723926
0.6550129769706856
0.38912851347594646
0.32812954758753454
0.4602108212547812
0.4235126916634257
0.5432255516818038
0.47949765380030807
0.6116322424463907
0.43204860837641873
0.550305369772093
0.32238796503591766
0.543140865706126
0.33522529737476564
0.6339069332323161
0.559061713945786
0.34123745398182787
0.48908997127317994
0.34173966699814046
0.5710008756560709
0.43646305685590414
0.4166977321752544
0.45711048992557585
0.4001837078142988
0.5569847394677885
0.33085041937407295
0.5305949490901698
0.49922039221169634
0.4157174521234346
0.3561249780624775
0.5991952937064842
0.31529827148273415
0.5755936066357932
0.3542668485760417
0.3390486690727452
0.5144015940877323
0.36280711128642423
0.4105837308028655
0.5314931796363901
0.33462964602676765
0.5638953803676708
0.33377986757742
0.442516666352805
0.3923811922098204
0.587212057096923
0.3998674780474151
0.3951645226990904
0.40874074913079067
0.6408353922810442
0.459057730574271
0.5841446738608508
0.5740975526859526
0.5890415944566225
0.3724701330308244
0.5873985018707487
0.44183820568167254
0.6450426342498611
0.597445394994388
0.33991322422053555
0.48861948385221027
0.4767504588356469
0.3891747679385188
0.3891747679385188
0.5003159002070593
0.5342405825094159
0.5997266043790287
0.3843253829764565
0.5692468708741403
0.543037751910491
0.48065060074861043
0.6522767817422294
0.47949765380030807
0.5406884500338435
0.4211341828918663
0.43542737626382655
0.5916426286196761
0.6803822455061567
0.6373491978499699
0.4104119881290019
0.5211506500043918
0.47541455594039195
0.4090207818681101
0.48068908870495497
0.5586179374133988
0.36498082141394755
0.3283443314570849
0.49386941593907197
0.4031203294303082
0.3668923547854328
0.6145746496561666
0.6274735054167625
0.6104981572453761
0.5544150070118956
0.36960654756105166
0.3187318622290529
0.35422873965843027
0.4345319320832474
0.6393207332786888
0.47609452842896627
0.6520023006094378
0.38705555156850546
0.5310828560592029
0.6267575288738062
0.4326164583092049
0.454868112753576
0.36592485567394845
0.5590545590548386
0.515558920008179
0.3752479180488547
0.4029801483944339
0.5555411775917244
0.4170347707326092
0.49922039221169634
0.6183106015587959
0.6360353763746164
0.36764792941073426
0.5342405825094159
0.31996718581754596
0.3315493930020082
0.4051135643248694
0.3884996782495449
0.6138028999605656
0.3976845483545971
0.3923811922098204
0.33187497645950964
0.54962987546166
0.4524930938699506
0.4647031310417437
0.5486419597515306
0.5986401256180544
0.5584362094277197
0.5987136210242757
0.5355175067166339
0.5479370401788877
0.4572362627788833
0.36027350721361684
0.40289080406482364
0.45416076448764275
0.7041775344329014
0.3170031545584364
0.41735955721655615
0.537741573620638
0.36521089797540296
0.637222880945121
0.34213739930033954
0.5739006882728053
0.3103884662805624
0.559447942171566
0.5633879657926677
0.5541931071386579
0.4221149132641489
0.523114710173591
0.39464541046362117
0.5740975526859526
0.5540740022776739
0.30255743256446377
0.35233648689853286
0.6198193285143664
0.41463719080661365
0.5614481276128722
0.5934357589495263
0.43229735136824504
0.5870008517881382
0.3311887679254839
0.5631216564828598
0.721810224366488
0.6930468959601507
0.5090884009678477
0.6134851261440656
0.5492868103277194
0.4921117759208775
0.35019423182000015
0.6482422386731677
0.39282311540946774
0.5594381109649217
0.35525906040522043
0.5708011913091983
0.5104145374105244
0.5051821453693708
0.614161216619871
0.48202178374011284
0.33080205561634585
0.4811423905664516
0.45681506104768493
0.38074269526807736
0.3496069221282666
0.5414665271279474
0.5068658599669147
0.38638452349958335
0.35664408028172856
0.6385929846153969
0.3242267724911068
0.5260921972430308
0.40092019155936776
0.3713569711207805
0.515923443933303
0.6482098425664331
0.541492382217885
0.6204103480761747
0.5800870624311494
0.6348708530087044
0.5795463743308212
0.3165280398321767
0.40362110945786744
0.6482993135890243
0.5275244070182915
0.3696511869316802
0.33462964602676765
0.48434182144431837
0.3524897161620462
0.3270993732797422
0.5857857970282311
0.4540572651109109
0.3744262277138182
0.5592727420498873
0.37030527946547026
0.6065879985624509
0.43306927852250127
0.37370309070169605
0.567264488576537
0.3481795513811804
0.37860401477004946
0.33728919342309205
0.5646034006273785
0.3449811589058162
0.37311794381937735
0.5882159467406508
0.37311794381937735
0.3778306498948968
0.33235673605329563
0.6380666109427762
0.6149390213671596
0.5617339227783914
0.6231572835167699
0.6101221189237446
0.5589105474045019
0.4021305758084058
0.3343067453701765
0.41129672986786575
0.5225638716941692
0.542035976665756
0.37006350806314325
0.4105837308028655
0.38242777095812475
0.36492876017107784
0.5230430192632342
0.4880409818857428
0.38822416205074106
0.4972343511866413
0.38255065024124596
0.29872730039285
0.3133656011753685
0.6029817576013391
0.4034513601414674
0.389530486611767
0.3375470337597413
0.36576495184749463
0.5910549889815669
0.6321273605848745
0.5320845797427324
0.5506823040556144
0.343771726586117
0.31785688603520895
0.32718649116367865
0.3133656011753685
0.37433808248694134
0.36764792941073426
0.5181138870943335
0.5899567780778521
0.49858700344072343
0.5613421416569397
0.4647375603499248
0.5312409999237633
0.43290183644794117
0.5198711378793788
0.6410772184378417
0.6341356321797412
0.5412476327892806
0.6149390213671596
0.5570583452386295
0.6143818031159453
0.42557490527520536
0.3735277767449162
0.3321596001924378
0.5703805747042935
0.34960835230297344
0.36592485567394845
0.5952856457197669
0.4645955230089933
0.3849740250977979
0.4600499972829041
0.5197595597966429
0.4645955230089933
0.4330092377767473
0.508523352462795
0.3995259691184042
0.3449811589058162
0.41011949478170384
0.32617479976233604
0.3375470337597413
0.5840085615810783
0.4780156901190587
0.4698606176303776
0.4331754840708326
0.5953578755672926
0.59775329359193
0.3321596001924378
0.33235673605329563
0.4221149132641489
0.5906479492895915
0.5488651929208117
0.5469131558117796
0.6077483031650519
0.4524930938699506
0.6554540411043324
0.374173756428748
0.3625272403558112
0.3778306498948968
0.5003159002070593
0.5268519716201128
0.5854545242800673
0.35553480842246665
0.5789386841453937
0.31331932592803796
0.5581612670187711
0.6336315964343954
0.32940856090878956
0.45681506104768493
0.5395720526491342
0.5930143337222128
0.347834730870855
0.6074100756490626
0.40050717846250883
0.5712355030983278
0.42297754077492106
0.5270275135132891
0.44837595832069327
0.3062433672751132
0.34397819698347165
0.3735277767449162
0.4767504588356469
0.35615446087336866
0.5164465122352944
0.4584430171787985
0.5094408699741314
0.4895354941166165
0.5267295321130191
0.38019731719200767
0.394625138580907
0.526642193524218
0.7124071869373582
0.4287901584691513
0.3778319732367817
0.5981713801244589
0.33049810892045967
0.39466061369232164
0.34863161072972154
0.32293188136199885
0.454868112753576
0.6077639344350731
0.5336318955984546
0.5017648851803004
0.5589821106260913
0.5895192956977745
0.4888138705069652
0.38705555156850546
0.6447898882581828
0.61493414281531
0.37021345194360494
0.5754763244478438
0.5274855448256378
0.478375375620443
0.32713300047534183
0.32832453456907545
0.6000966588808841
0.3497570585420686
0.4233024923148928
0.5877048579006303
0.37030527946547026
0.6028308220388203
0.34593351962479724
0.5306543130890391
0.42422753328844665
0.5617339227783914
0.5181138870943335
0.31331932592803796
0.3573975377643222
0.604615580348373
0.5656332734201553
0.6128392937793725
0.3509615363540569
0.4880409818857428
0.5581612670187711
0.43177424656873653
0.5725740126830767
0.5712355030983278
0.538900732974079
0.6392855387070788
0.5798792977853234
0.31996718581754596
0.6362075133162136
0.4766780884412454
0.32713300047534183
0.6619788516259414
0.5179420817041226
0.34937229426501465
0.6349905511108022
0.5978394433290598
0.35422873965843027
0.6008910050916058
0.4001837078142988
0.3951872973667042
0.6138028999605656
0.34906876113453633
0.3524897161620462
0.6123381418791417
0.3347551343893025
0.3872027892461519
0.3936508605350687
0.44366428749675146
0.600100824861956
0.6092856472952566
0.567264488576537
0.5991811078463672
0.36628267772309403
0.4951020096909322
0.6326539338374496
0.5978795865389618
0.6655907150794699
0.5428719922781059
0.48454721132207523
0.6367566254072272
0.544145201210118
0.599824140894646
0.5580340491403731
0.3951645226990904
0.5853631351562888
0.6377029088846938
0.6007104127614238
0.3445852579551249
0.6008710344158719
0.3310196368797476
0.5890492339355005
0.4222037422856413
0.6365288681591748
0.6176277195851881
0.5713326526639277
0.6514031010058209
0.5144015940877323
0.38242777095812475
0.343771726586117
0.5952856457197669
0.6337870304763266
0.5901296467726392
0.5488651929208117
0.5951293976943166
0.5517037248378878
0.37428331515043534
0.43217357623991776
0.5931450075656037
0.40468506273397337
0.4584430171787985
0.32718649116367865
0.43177424656873653
0.3339131623641093
0.4647375603499248
0.6031683015543837
0.33085041937407295
0.6077384305768397
0.5594068287034042
0.29872730039285
0.5567476986930437
0.4390911067193232
0.5355175067166339
0.3132570829207216
0.41011949478170384
0.42256360467981624
0.4766780884412454
0.5647123161398199
0.5624811107939535
0.7577321426467271
0.5609581089528879
0.32742632759141393
0.5731753658349249
0.48434182144431837
0.4979457801809347
0.5312409999237633
0.45416076448764275
0.5800810288226981
0.6156062052968602
0.34960835230297344
0.5980510011696326
0.634712533356637
0.37165171868296265
0.6535112852889382
0.34173966699814046
0.3355398635035783
0.528086167211375
0.39466061369232164
0.5268519716201128
0.36576495184749463
0.332765683326872
0.38912851347594646
0.3553519382246281
0.631259851408277
0.3642252050586285
0.5598731999301272
0.33728919342309205
0.6030066334626842
0.6509669730485563
0.34937229426501465
0.34053193682825134
0.3376225703355746
0.5552377868985505
0.640581766833868
0.3724701330308244
0.6022607408755778
0.5967084715336294
0.30255743256446377
0.3552801711325866
0.5754832751696612
0.5529023421907345
0.44183820568167254
0.5004058352977111
0.36320792942886043
0.3573975377643222
0.32098909638802336
0.5992545369039771
0.6543714541451209
0.36471632812365284
0.3385926756443501
0.3272873355325561
0.5610739701679271
0.613994299647806
0.3794113862287214
0.4235126916634257
0.40154078248666086
0.338209993938677
0.5750069564796585
0.426105620709232
0.3696511869316802
0.3674955782046908
0.3994859196517445
0.5926128584497639
0.33074763793563206
0.6130791139812217
0.3229876158616612
0.3717606757041417
0.5044254156959184
0.41129672986786575
0.4504764144769401
0.61117018906357
0.44118250191955716
0.39545796236768327
0.6223230672247335
0.5799732752463684
0.3445721985302935
0.5748991215856918
0.31314054352638526
0.4572362627788833
0.5223466282077449
0.45745491581138376
0.3359315406448165
0.6001349848159162
0.33970281129245894
0.3618577068406862
0.3264077204969269
0.5069161666390211
0.5224614818338288
0.3467866779448137
0.5914228605659406
0.5567476986930437
0.5156529840891063
0.5877533496289068
0.606184790307378
0.5288837301335713
0.3343067453701765
0.34213739930033954
0.4924560894130563
0.3973021520203483
0.41748173612746226
0.5963304453069626
0.6004564930117751
0.36628267772309403
0.34680397921592554
0.6570585970824825
0.33522529737476564
0.5824311118063663
0.6677312333566553
0.5948117349212271
0.3226918034285966
0.3315493930020082
0.6364102450463851
0.36412360538696203
0.3240648083331481
0.4177702718001845
0.49133389868805105
0.44313203449987676
0.41783489562266063
0.35111536565636087
0.3264077204969269
0.6103425267831172
0.6482237268104276
0.6001349848159162
0.3584870987915744
0.5604016416821065
0.5905336569578402
0.3744262277138182
0.597445394994388
0.31785688603520895
0.3355398635035783
0.3132570829207216
0.3385926756443501
0.37860401477004946
0.510114692985803
0.41695683229802105
0.4867124407697011
0.6125797907211763
0.38822416205074106
0.4966890375275058
0.37021345194360494
0.5624811107939535
0.6740037091886067
0.5715426493272394
0.5037906311157444
0.5489134722340124
0.6887416061194503
0.3642252050586285
0.4089364253768549
0.3170031545584364
0.3951872973667042
0.37006350806314325
0.5090884009678477
0.4151072150661802
0.40489628301578656
0.3642375598424742
0.44177030230652686
0.35262019227491775
0.3625272403558112
0.5718487562284279
0.6423892900726165
0.32238796503591766
0.44882290494135907
0.6245846619954736
0.36412360538696203
0.48843628038875253
0.3497570585420686
0.6057276615773793
0.3445852579551249
0.5646034006273785
0.3668923547854328
0.6803256573142015
0.3362588288803731
0.3752479180488547
0.603855943085766
0.31417511040819246
0.5700122805694628
0.3561249780624775
0.5220392705534709
0.39868408546115813
0.5615923788656682
0.596213049169506
0.40289080406482364
0.3509615363540569
0.5260921972430308
0.49133389868805105
0.5279744311990874
0.33080205561634585
0.4862972342096961
0.3226918034285966
0.5574594155631423
0.6061798413012427
0.3701742832774855
0.3952859724300879
0.36936296511697
0.6427021082896804
0.4890756587686613
0.4186143810238726
0.46627674186045365
0.5891188335132395
0.4774903140378871
0.6385303438365322
0.33187497645950964
0.41442128323723926
0.3062433672751132
0.441907230083419
0.3514612354157996
0.31417511040819246
0.41294188453098324
0.5600258922585634
0.5081308886497651
0.32832453456907545
0.541658564041962
0.3242267724911068
0.3772452783004715
0.49031214547469665
0.5044254156959184
0.4120521811615614
0.5926162333247378
0.4824199415447083
0.3229876158616612
0.6156062052968602
0.3394893223652255
0.60504958474492
0.41843876493460774
0.5888030230900653
0.5888030230900653
0.3611343240402385
0.6600030302960735
0.5986626763044443
0.3514612354157996
0.33286333531946716
0.3701418646951463
0.6284186502642961
0.4203343906938857
0.46627674186045365
0.5876342399826613
0.3390486690727452
0.4281611846022477
0.35525906040522043
0.48202178374011284
0.5458974262624803
0.5658312469279156
0.44712078904922326
0.33074763793563206
0.35664408028172856
0.4630701890642497
0.3187318622290529
0.4098646117927236
0.3240648083331481
0.41748173612746226
0.5910549889815669
0.5478594710324904
0.4031203294303082
0.5007923721463816
0.5942036687870583
0.40047596681948366
0.437907524484337
0.5104174761898344
0.49847166418965067
0.35019423182000015
0.39017688296463676
0.4357361587015704
0.347834730870855
0.4403657570701883
0.5108952925991783
0.5563838602979063
0.635078735276186
0.5062736414232918
0.4170347707326092
0.5071972003077303
0.6266905137306612
0.37712199617630365
0.6001533137457461
0.3619309326377065
0.4322383601671652
0.4227930936048979
0.37357462440588757
0.3165280398321767
0.6749088827389963
0.48065060074861043
0.6116118049874447
0.5049930692593708
0.36498082141394755
0.49858700344072343
0.514106992755399
0.31529827148273415
0.40468506273397337
0.357487062702974
0.6493889435461616
0.6276663126216031
0.54920761101791
0.33286333531946716
0.40463687424652717
0.5896575277226606
0.4357361587015704
0.4844522680306079
0.36646555090485655
0.5432255516818038
0.34123745398182787
0.33970281129245894
0.3701742832774855
0.4269297366077936
0.3846088922528962
0.3618577068406862
0.5767131002500291
0.49255355038817866
0.43646305685590414
0.35111536565636087
0.6819677411725572
0.4780156901190587
0.6024823648871392
0.32812954758753454
0.5027852424246358
0.3170315441718694
0.5706505060017031
0.338209993938677
0.7223378710825012
0.4461681297448306
0.3339131623641093
0.5748504153255872
0.5334810212181871
0.5903134760447197
0.34397819698347165
0.5394293280866364
0.5247418412896002
0.40874074913079067
0.39546049107338155
0.3394893223652255
0.34593351962479724
0.691719596368355
0.3646066373504466
0.38581861023024794
0.35262019227491775
0.3674955782046908
0.5046533463675833
0.40362110945786744
0.5354409397870132
0.38255065024124596
0.5279744311990874
0.3481795513811804
0.38483762809787736
0.4953645122533505
0.43873682316395546
0.6092380487133087
0.5666815684315134
0.38227869414865395
0.5223466282077449
0.3271085446759225
0.48908997127317994
0.4090048899463184
0.6367739002189082
0.32940856090878956
0.5187831917092148
0.600100824861956
0.3674030484359105
0.6001116562773964
0.4920792619080791
0.5710569148517511
0.3362588288803731
0.699806401799812
0.6259017494783027
0.6531852723385609
0.4995117616232877
0.5517037248378878
0.6016327783623496
0.3310196368797476
0.504272743661602
0.500340883798236
0.5727006198704521
0.6738761013717581
0.40463687424652717
0.4428995371413255
0.392818024026393
0.56607066696659
0.4098646117927236
0.6378785150794781
0.5502881063588418
0.6186929771704219
0.5925040084252596
0.3772452783004715
0.34053193682825134
0.3995259691184042
0.6532763580598948
0.6185103071089437
0.37260166397910777
0.5994105437844748
0.6390907603775849
0.31674279786602877
0.5535024841859338
0.4395486321216346
0.3993319421233418
0.5655342606774588
0.4620562736290894
0.4096205561248117
0.49224993651599375
0.3936508605350687
0.6633113899218074
0.5940723861618212
0.3845490865936363
0.45559741000141807
0.3496069221282666
0.5998691523990877
